(15.098333,14.998333,0.000000)(-15.098333,-14.998333,0.000000)
(15.195000,14.995010,0.000000)(-15.195000,-14.995010,0.000000)
(15.289999,14.990043,0.000000)(-15.289999,-14.990043,0.000000)
(15.383331,14.983440,0.000000)(-15.383331,-14.983440,0.000000)
(15.474996,14.975213,0.000000)(-15.474996,-14.975213,0.000000)
(15.564991,14.965371,0.000000)(-15.564991,-14.965371,0.000000)
(15.653317,14.953925,0.000000)(-15.653317,-14.953925,0.000000)
(15.739974,14.940884,0.000000)(-15.739974,-14.940884,0.000000)
(15.824960,14.926255,0.000000)(-15.824960,-14.926255,0.000000)
(15.908273,14.910050,0.000000)(-15.908273,-14.910050,0.000000)
(15.989913,14.892277,0.000000)(-15.989913,-14.892277,0.000000)
(16.069878,14.872944,0.000000)(-16.069878,-14.872944,0.000000)
(16.148167,14.852060,0.000000)(-16.148167,-14.852060,0.000000)
(16.224779,14.829634,0.000000)(-16.224779,-14.829634,0.000000)
(16.299713,14.805673,0.000000)(-16.299713,-14.805673,0.000000)
(16.372965,14.780185,0.000000)(-16.372965,-14.780185,0.000000)
(16.444534,14.753178,0.000000)(-16.444534,-14.753178,0.000000)
(16.514420,14.724659,0.000000)(-16.514420,-14.724659,0.000000)
(16.582619,14.694636,0.000000)(-16.582619,-14.694636,0.000000)
(16.649128,14.663117,0.000000)(-16.649128,-14.663117,0.000000)
(16.713945,14.630109,0.000000)(-16.713945,-14.630109,0.000000)
(16.777069,14.595617,0.000000)(-16.777069,-14.595617,0.000000)
(16.838497,14.559650,0.000000)(-16.838497,-14.559650,0.000000)
(16.898226,14.522215,0.000000)(-16.898226,-14.522215,0.000000)
(16.956253,14.483316,0.000000)(-16.956253,-14.483316,0.000000)
(17.012575,14.442962,0.000000)(-17.012575,-14.442962,0.000000)
(17.067190,14.401156,0.000000)(-17.067190,-14.401156,0.000000)
(17.120092,14.357907,0.000000)(-17.120092,-14.357907,0.000000)
(17.171280,14.313221,0.000000)(-17.171280,-14.313221,0.000000)
(17.220751,14.267102,0.000000)(-17.220751,-14.267102,0.000000)
(17.268499,14.219557,0.000000)(-17.268499,-14.219557,0.000000)
(17.314522,14.170590,0.000000)(-17.314522,-14.170590,0.000000)
(17.358816,14.120209,0.000000)(-17.358816,-14.120209,0.000000)
(17.401377,14.068418,0.000000)(-17.401377,-14.068418,0.000000)
(17.442200,14.015222,0.000000)(-17.442200,-14.015222,0.000000)
(17.481281,13.960626,0.000000)(-17.481281,-13.960626,0.000000)
(17.518616,13.904635,0.000000)(-17.518616,-13.904635,0.000000)
(17.554199,13.847255,0.000000)(-17.554199,-13.847255,0.000000)
(17.588026,13.788489,0.000000)(-17.588026,-13.788489,0.000000)
(17.620092,13.728344,0.000000)(-17.620092,-13.728344,0.000000)
(17.650394,13.666822,0.000000)(-17.650394,-13.666822,0.000000)
(17.678925,13.603930,0.000000)(-17.678925,-13.603930,0.000000)
(17.705679,13.539670,0.000000)(-17.705679,-13.539670,0.000000)
(17.730650,13.474048,0.000000)(-17.730650,-13.474048,0.000000)
(17.753834,13.407066,0.000000)(-17.753834,-13.407066,0.000000)
(17.775225,13.338731,0.000000)(-17.775225,-13.338731,0.000000)
(17.794815,13.269045,0.000000)(-17.794815,-13.269045,0.000000)
(17.812601,13.198012,0.000000)(-17.812601,-13.198012,0.000000)
(17.828575,13.125637,0.000000)(-17.828575,-13.125637,0.000000)
(17.842730,13.051923,0.000000)(-17.842730,-13.051923,0.000000)
(17.855059,12.976873,0.000000)(-17.855059,-12.976873,0.000000)
(17.865555,12.900493,0.000000)(-17.865555,-12.900493,0.000000)
(17.874212,12.822783,0.000000)(-17.874212,-12.822783,0.000000)
(17.881023,12.743750,0.000000)(-17.881023,-12.743750,0.000000)
(17.885979,12.663394,0.000000)(-17.885979,-12.663394,0.000000)
(17.889072,12.581719,0.000000)(-17.889072,-12.581719,0.000000)
(17.890297,12.498730,0.000000)(-17.890297,-12.498730,0.000000)
(17.889643,12.414428,0.000000)(-17.889643,-12.414428,0.000000)
(17.887102,12.328817,0.000000)(-17.887102,-12.328817,0.000000)
(17.882666,12.241900,0.000000)(-17.882666,-12.241900,0.000000)
(17.876326,12.153681,0.000000)(-17.876326,-12.153681,0.000000)
(17.868073,12.064160,0.000000)(-17.868073,-12.064160,0.000000)
(17.857899,11.973342,0.000000)(-17.857899,-11.973342,0.000000)
(17.845793,11.881228,0.000000)(-17.845793,-11.881228,0.000000)
(17.831745,11.787823,0.000000)(-17.831745,-11.787823,0.000000)
(17.815746,11.693127,0.000000)(-17.815746,-11.693127,0.000000)
(17.797787,11.597143,0.000000)(-17.797787,-11.597143,0.000000)
(17.777855,11.499875,0.000000)(-17.777855,-11.499875,0.000000)
(17.755939,11.401324,0.000000)(-17.755939,-11.401324,0.000000)
(17.732031,11.301494,0.000000)(-17.732031,-11.301494,0.000000)
(17.706118,11.200384,0.000000)(-17.706118,-11.200384,0.000000)
(17.678186,11.098000,0.000000)(-17.678186,-11.098000,0.000000)
(17.648226,10.994341,0.000000)(-17.648226,-10.994341,0.000000)
(17.616224,10.889411,0.000000)(-17.616224,-10.889411,0.000000)
(17.582170,10.783212,0.000000)(-17.582170,-10.783212,0.000000)
(17.546049,10.675745,0.000000)(-17.546049,-10.675745,0.000000)
(17.507849,10.567013,0.000000)(-17.507849,-10.567013,0.000000)
(17.467554,10.457017,0.000000)(-17.467554,-10.457017,0.000000)
(17.425154,10.345759,0.000000)(-17.425154,-10.345759,0.000000)
(17.380630,10.233243,0.000000)(-17.380630,-10.233243,0.000000)
(17.333971,10.119469,0.000000)(-17.333971,-10.119469,0.000000)
(17.285160,10.004438,0.000000)(-17.285160,-10.004438,0.000000)
(17.234182,9.888154,0.000000)(-17.234182,-9.888154,0.000000)
(17.181023,9.770617,0.000000)(-17.181023,-9.770617,0.000000)
(17.125664,9.651830,0.000000)(-17.125664,-9.651830,0.000000)
(17.068089,9.531794,0.000000)(-17.068089,-9.531794,0.000000)
(17.008282,9.410510,0.000000)(-17.008282,-9.410510,0.000000)
(16.946224,9.287982,0.000000)(-16.946224,-9.287982,0.000000)
(16.881897,9.164210,0.000000)(-16.881897,-9.164210,0.000000)
(16.815283,9.039196,0.000000)(-16.815283,-9.039196,0.000000)
(16.746361,8.912942,0.000000)(-16.746361,-8.912942,0.000000)
(16.675112,8.785450,0.000000)(-16.675112,-8.785450,0.000000)
(16.601517,8.656721,0.000000)(-16.601517,-8.656721,0.000000)
(16.525553,8.526757,0.000000)(-16.525553,-8.526757,0.000000)
(16.447201,8.395561,0.000000)(-16.447201,-8.395561,0.000000)
(16.366436,8.263134,0.000000)(-16.366436,-8.263134,0.000000)
(16.283237,8.129478,0.000000)(-16.283237,-8.129478,0.000000)
(16.197580,7.994594,0.000000)(-16.197580,-7.994594,0.000000)
(16.109442,7.858485,0.000000)(-16.109442,-7.858485,0.000000)
(16.018795,7.721153,0.000000)(-16.018795,-7.721153,0.000000)
(15.925616,7.582600,0.000000)(-15.925616,-7.582600,0.000000)
(15.829878,7.442829,0.000000)(-15.829878,-7.442829,0.000000)
(15.731553,7.301841,0.000000)(-15.731553,-7.301841,0.000000)
(15.630613,7.159639,0.000000)(-15.630613,-7.159639,0.000000)
(15.527029,7.016227,0.000000)(-15.527029,-7.016227,0.000000)
(15.420771,6.871606,0.000000)(-15.420771,-6.871606,0.000000)
(15.311807,6.725780,0.000000)(-15.311807,-6.725780,0.000000)
(15.200106,6.578751,0.000000)(-15.200106,-6.578751,0.000000)
(15.085634,6.430523,0.000000)(-15.085634,-6.430523,0.000000)
(14.968358,6.281099,0.000000)(-14.968358,-6.281099,0.000000)
(14.848242,6.130484,0.000000)(-14.848242,-6.130484,0.000000)
(14.725248,5.978681,0.000000)(-14.725248,-5.978681,0.000000)
(14.599339,5.825695,0.000000)(-14.599339,-5.825695,0.000000)
(14.470477,5.671529,0.000000)(-14.470477,-5.671529,0.000000)
(14.338619,5.516190,0.000000)(-14.338619,-5.516190,0.000000)
(14.203724,5.359682,0.000000)(-14.203724,-5.359682,0.000000)
(14.065747,5.202011,0.000000)(-14.065747,-5.202011,0.000000)
(13.924644,5.043183,0.000000)(-13.924644,-5.043183,0.000000)
(13.780365,4.883206,0.000000)(-13.780365,-4.883206,0.000000)
(13.632863,4.722087,0.000000)(-13.632863,-4.722087,0.000000)
(13.482086,4.559834,0.000000)(-13.482086,-4.559834,0.000000)
(13.327982,4.396454,0.000000)(-13.327982,-4.396454,0.000000)
(13.170494,4.231959,0.000000)(-13.170494,-4.231959,0.000000)
(13.009565,4.066359,0.000000)(-13.009565,-4.066359,0.000000)
(12.845135,3.899663,0.000000)(-12.845135,-3.899663,0.000000)
(12.677140,3.731886,0.000000)(-12.677140,-3.731886,0.000000)
(12.505516,3.563040,0.000000)(-12.505516,-3.563040,0.000000)
(12.330194,3.393141,0.000000)(-12.330194,-3.393141,0.000000)
(12.151103,3.222205,0.000000)(-12.151103,-3.222205,0.000000)
(11.968167,3.050249,0.000000)(-11.968167,-3.050249,0.000000)
(11.781308,2.877293,0.000000)(-11.781308,-2.877293,0.000000)
(11.590444,2.703358,0.000000)(-11.590444,-2.703358,0.000000)
(11.395488,2.528470,0.000000)(-11.395488,-2.528470,0.000000)
(11.196350,2.352654,0.000000)(-11.196350,-2.352654,0.000000)
(10.992936,2.175939,0.000000)(-10.992936,-2.175939,0.000000)
(10.785145,1.998358,0.000000)(-10.785145,-1.998358,0.000000)
(10.572871,1.819946,0.000000)(-10.572871,-1.819946,0.000000)
(10.356005,1.640743,0.000000)(-10.356005,-1.640743,0.000000)
(10.134429,1.460795,0.000000)(-10.134429,-1.460795,0.000000)
(9.908020,1.280149,0.000000)(-9.908020,-1.280149,0.000000)
(9.676647,1.098863,0.000000)(-9.676647,-1.098863,0.000000)
(9.440173,0.916997,0.000000)(-9.440173,-0.916997,0.000000)
(9.198452,0.734621,0.000000)(-9.198452,-0.734621,0.000000)
(8.951329,0.551814,0.000000)(-8.951329,-0.551814,0.000000)
(8.698642,0.368664,0.000000)(-8.698642,-0.368664,0.000000)
(8.440217,0.185271,0.000000)(-8.440217,-0.185271,0.000000)
(8.175871,0.001748,0.000000)(-8.175871,-0.001748,0.000000)
(7.905409,-0.181776,0.000000)(-7.905409,0.181776,0.000000)
(7.628626,-0.365156,0.000000)(-7.628626,0.365156,0.000000)
(7.345304,-0.548222,0.000000)(-7.345304,0.548222,0.000000)
(7.055212,-0.730783,0.000000)(-7.055212,0.730783,0.000000)
(6.758109,-0.912617,0.000000)(-6.758109,0.912617,0.000000)
(6.453740,-1.093470,0.000000)(-6.453740,1.093470,0.000000)
(6.141839,-1.273048,0.000000)(-6.141839,1.273048,0.000000)
(5.822133,-1.451007,0.000000)(-5.822133,1.451007,0.000000)
(5.494341,-1.626952,0.000000)(-5.494341,1.626952,0.000000)
(5.158183,-1.800418,0.000000)(-5.158183,1.800418,0.000000)
(4.813384,-1.970869,0.000000)(-4.813384,1.970869,0.000000)
(4.459689,-2.137678,0.000000)(-4.459689,2.137678,0.000000)
(4.096877,-2.300116,0.000000)(-4.096877,2.300116,0.000000)
(3.724785,-2.457344,0.000000)(-3.724785,2.457344,0.000000)
(3.343340,-2.608402,0.000000)(-3.343340,2.608402,0.000000)
(2.952599,-2.752208,0.000000)(-2.952599,2.752208,0.000000)
(2.552797,-2.887567,0.000000)(-2.552797,2.887567,0.000000)
(2.144402,-3.013206,0.000000)(-2.144402,3.013206,0.000000)
(1.728169,-3.127831,0.000000)(-1.728169,3.127831,0.000000)
(1.305168,-3.230209,0.000000)(-1.305168,3.230209,0.000000)
(0.876792,-3.319280,0.000000)(-0.876792,3.319280,0.000000)
(0.444695,-3.394271,0.000000)(-0.444695,3.394271,0.000000)
(0.010702,-3.454779,0.000000)(-0.010702,3.454779,0.000000)
(-0.423337,-3.500815,0.000000)(0.423337,3.500815,0.000000)
(-0.855673,-3.532774,0.000000)(0.855673,3.532774,0.000000)
(-1.284771,-3.551364,0.000000)(1.284771,3.551364,0.000000)
(-1.709365,-3.557504,0.000000)(1.709365,3.557504,0.000000)
(-2.128473,-3.552226,0.000000)(2.128473,3.552226,0.000000)
(-2.541374,-3.536591,0.000000)(2.541374,3.536591,0.000000)
(-2.947576,-3.511632,0.000000)(2.947576,3.511632,0.000000)
(-3.346767,-3.478321,0.000000)(3.346767,3.478321,0.000000)
(-3.738775,-3.437544,0.000000)(3.738775,3.437544,0.000000)
(-4.123537,-3.390105,0.000000)(4.123537,3.390105,0.000000)
(-4.501063,-3.336717,0.000000)(4.501063,3.336717,0.000000)
(-4.871420,-3.278015,0.000000)(4.871420,3.278015,0.000000)
(-5.234713,-3.214559,0.000000)(5.234713,3.214559,0.000000)
(-5.591069,-3.146844,0.000000)(5.591069,3.146844,0.000000)
(-5.940634,-3.075306,0.000000)(5.940634,3.075306,0.000000)
(-6.283561,-3.000332,0.000000)(6.283561,3.000332,0.000000)
(-6.620008,-2.922264,0.000000)(6.620008,2.922264,0.000000)
(-6.950135,-2.841406,0.000000)(6.950135,2.841406,0.000000)
(-7.274097,-2.758027,0.000000)(7.274097,2.758027,0.000000)
(-7.592050,-2.672370,0.000000)(7.592050,2.672370,0.000000)
(-7.904142,-2.584651,0.000000)(7.904142,2.584651,0.000000)
(-8.210521,-2.495062,0.000000)(8.210521,2.495062,0.000000)
(-8.511324,-2.403780,0.000000)(8.511324,2.403780,0.000000)
(-8.806686,-2.310961,0.000000)(8.806686,2.310961,0.000000)
(-9.096737,-2.216748,0.000000)(9.096737,2.216748,0.000000)
(-9.381599,-2.121271,0.000000)(9.381599,2.121271,0.000000)
(-9.661391,-2.024647,0.000000)(9.661391,2.024647,0.000000)
(-9.936226,-1.926985,0.000000)(9.936226,1.926985,0.000000)
(-10.206211,-1.828382,0.000000)(10.206211,1.828382,0.000000)
(-10.471449,-1.728928,0.000000)(10.471449,1.728928,0.000000)
(-10.732038,-1.628707,0.000000)(10.732038,1.628707,0.000000)
(-10.988074,-1.527795,0.000000)(10.988074,1.527795,0.000000)
(-11.239646,-1.426263,0.000000)(11.239646,1.426263,0.000000)
(-11.486840,-1.324175,0.000000)(11.486840,1.324175,0.000000)
(-11.729738,-1.221591,0.000000)(11.729738,1.221591,0.000000)
(-11.968419,-1.118569,0.000000)(11.968419,1.118569,0.000000)
(-12.202959,-1.015159,0.000000)(12.202959,1.015159,0.000000)
(-12.433430,-0.911411,0.000000)(12.433430,0.911411,0.000000)
(-12.659901,-0.807369,0.000000)(12.659901,0.807369,0.000000)
(-12.882438,-0.703077,0.000000)(12.882438,0.703077,0.000000)
(-13.101105,-0.598574,0.000000)(13.101105,0.598574,0.000000)
(-13.315964,-0.493896,0.000000)(13.315964,0.493896,0.000000)
(-13.527073,-0.389080,0.000000)(13.527073,0.389080,0.000000)
(-13.734488,-0.284157,0.000000)(13.734488,0.284157,0.000000)
(-13.938266,-0.179159,0.000000)(13.938266,0.179159,0.000000)
(-14.138456,-0.074115,0.000000)(14.138456,0.074115,0.000000)
(-14.335111,0.030948,0.000000)(14.335111,-0.030948,0.000000)
(-14.528276,0.136003,0.000000)(14.528276,-0.136003,0.000000)
(-14.718001,0.241026,0.000000)(14.718001,-0.241026,0.000000)
(-14.904330,0.345993,0.000000)(14.904330,-0.345993,0.000000)
(-15.087306,0.450883,0.000000)(15.087306,-0.450883,0.000000)
(-15.266971,0.555673,0.000000)(15.266971,-0.555673,0.000000)
(-15.443364,0.660345,0.000000)(15.443364,-0.660345,0.000000)
(-15.616527,0.764878,0.000000)(15.616527,-0.764878,0.000000)
(-15.786494,0.869255,0.000000)(15.786494,-0.869255,0.000000)
(-15.953304,0.973458,0.000000)(15.953304,-0.973458,0.000000)
(-16.116993,1.077471,0.000000)(16.116993,-1.077471,0.000000)
(-16.277592,1.181277,0.000000)(16.277592,-1.181277,0.000000)
(-16.435135,1.284861,0.000000)(16.435135,-1.284861,0.000000)
(-16.589655,1.388209,0.000000)(16.589655,-1.388209,0.000000)
(-16.741182,1.491306,0.000000)(16.741182,-1.491306,0.000000)
(-16.889746,1.594139,0.000000)(16.889746,-1.594139,0.000000)
(-17.035376,1.696696,0.000000)(17.035376,-1.696696,0.000000)
(-17.178099,1.798963,0.000000)(17.178099,-1.798963,0.000000)
(-17.317944,1.900928,0.000000)(17.317944,-1.900928,0.000000)
(-17.454935,2.002581,0.000000)(17.454935,-2.002581,0.000000)
(-17.589100,2.103909,0.000000)(17.589100,-2.103909,0.000000)
(-17.720461,2.204901,0.000000)(17.720461,-2.204901,0.000000)
(-17.849043,2.305548,0.000000)(17.849043,-2.305548,0.000000)
(-17.974871,2.405839,0.000000)(17.974871,-2.405839,0.000000)
(-18.097965,2.505765,0.000000)(18.097965,-2.505765,0.000000)
(-18.218349,2.605315,0.000000)(18.218349,-2.605315,0.000000)
(-18.336044,2.704480,0.000000)(18.336044,-2.704480,0.000000)
(-18.451071,2.803252,0.000000)(18.451071,-2.803252,0.000000)
(-18.563448,2.901621,0.000000)(18.563448,-2.901621,0.000000)
(-18.673195,2.999580,0.000000)(18.673195,-2.999580,0.000000)
(-18.780333,3.097119,0.000000)(18.780333,-3.097119,0.000000)
(-18.884878,3.194231,0.000000)(18.884878,-3.194231,0.000000)
(-18.986851,3.290907,0.000000)(18.986851,-3.290907,0.000000)
(-19.086266,3.387140,0.000000)(19.086266,-3.387140,0.000000)
(-19.183142,3.482923,0.000000)(19.183142,-3.482923,0.000000)
(-19.277494,3.578247,0.000000)(19.277494,-3.578247,0.000000)
(-19.369339,3.673106,0.000000)(19.369339,-3.673106,0.000000)
(-19.458693,3.767492,0.000000)(19.458693,-3.767492,0.000000)
(-19.545568,3.861399,0.000000)(19.545568,-3.861399,0.000000)
(-19.629982,3.954819,0.000000)(19.629982,-3.954819,0.000000)
(-19.711948,4.047747,0.000000)(19.711948,-4.047747,0.000000)
(-19.791481,4.140174,0.000000)(19.791481,-4.140174,0.000000)
(-19.868593,4.232096,0.000000)(19.868593,-4.232096,0.000000)
(-19.943298,4.323504,0.000000)(19.943298,-4.323504,0.000000)
(-20.015608,4.414393,0.000000)(20.015608,-4.414393,0.000000)
(-20.085535,4.504757,0.000000)(20.085535,-4.504757,0.000000)
(-20.153093,4.594590,0.000000)(20.153093,-4.594590,0.000000)
(-20.218292,4.683885,0.000000)(20.218292,-4.683885,0.000000)
(-20.281145,4.772635,0.000000)(20.281145,-4.772635,0.000000)
(-20.341661,4.860837,0.000000)(20.341661,-4.860837,0.000000)
(-20.399853,4.948482,0.000000)(20.399853,-4.948482,0.000000)
(-20.455729,5.035566,0.000000)(20.455729,-5.035566,0.000000)
(-20.509300,5.122083,0.000000)(20.509300,-5.122083,0.000000)
(-20.560577,5.208027,0.000000)(20.560577,-5.208027,0.000000)
(-20.609570,5.293392,0.000000)(20.609570,-5.293392,0.000000)
(-20.656286,5.378172,0.000000)(20.656286,-5.378172,0.000000)
(-20.700735,5.462362,0.000000)(20.700735,-5.462362,0.000000)
(-20.742926,5.545956,0.000000)(20.742926,-5.545956,0.000000)
(-20.782867,5.628949,0.000000)(20.782867,-5.628949,0.000000)
(-20.820568,5.711334,0.000000)(20.820568,-5.711334,0.000000)
(-20.856035,5.793107,0.000000)(20.856035,-5.793107,0.000000)
(-20.889277,5.874262,0.000000)(20.889277,-5.874262,0.000000)
(-20.920300,5.954793,0.000000)(20.920300,-5.954793,0.000000)
(-20.949112,6.034695,0.000000)(20.949112,-6.034695,0.000000)
(-20.975719,6.113962,0.000000)(20.975719,-6.113962,0.000000)
(-21.000130,6.192588,0.000000)(21.000130,-6.192588,0.000000)
(-21.022350,6.270569,0.000000)(21.022350,-6.270569,0.000000)
(-21.042387,6.347898,0.000000)(21.042387,-6.347898,0.000000)
(-21.060246,6.424570,0.000000)(21.060246,-6.424570,0.000000)
(-21.075932,6.500579,0.000000)(21.075932,-6.500579,0.000000)
(-21.089451,6.575921,0.000000)(21.089451,-6.575921,0.000000)
(-21.100811,6.650588,0.000000)(21.100811,-6.650588,0.000000)
(-21.110014,6.724576,0.000000)(21.110014,-6.724576,0.000000)
(-21.117067,6.797879,0.000000)(21.117067,-6.797879,0.000000)
(-21.121975,6.870492,0.000000)(21.121975,-6.870492,0.000000)
(-21.124743,6.942408,0.000000)(21.124743,-6.942408,0.000000)
(-21.125374,7.013622,0.000000)(21.125374,-7.013622,0.000000)
(-21.123873,7.084129,0.000000)(21.123873,-7.084129,0.000000)
(-21.120245,7.153922,0.000000)(21.120245,-7.153922,0.000000)
(-21.114492,7.222995,0.000000)(21.114492,-7.222995,0.000000)
(-21.106621,7.291344,0.000000)(21.106621,-7.291344,0.000000)
(-21.096632,7.358961,0.000000)(21.096632,-7.358961,0.000000)
(-21.084530,7.425841,0.000000)(21.084530,-7.425841,0.000000)
(-21.070318,7.491979,0.000000)(21.070318,-7.491979,0.000000)
(-21.054001,7.557367,0.000000)(21.054001,-7.557367,0.000000)
(-21.035580,7.622000,0.000000)(21.035580,-7.622000,0.000000)
(-21.015057,7.685871,0.000000)(21.015057,-7.685871,0.000000)
(-20.992435,7.748975,0.000000)(20.992435,-7.748975,0.000000)
(-20.967718,7.811306,0.000000)(20.967718,-7.811306,0.000000)
(-20.940907,7.872856,0.000000)(20.940907,-7.872856,0.000000)
(-20.912003,7.933619,0.000000)(20.912003,-7.933619,0.000000)
(-20.881008,7.993590,0.000000)(20.881008,-7.993590,0.000000)
(-20.847927,8.052762,0.000000)(20.847927,-8.052762,0.000000)
(-20.812757,8.111127,0.000000)(20.812757,-8.111127,0.000000)
(-20.775503,8.168679,0.000000)(20.775503,-8.168679,0.000000)
(-20.736164,8.225412,0.000000)(20.736164,-8.225412,0.000000)
(-20.694742,8.281319,0.000000)(20.694742,-8.281319,0.000000)
(-20.651237,8.336391,0.000000)(20.651237,-8.336391,0.000000)
(-20.605650,8.390624,0.000000)(20.605650,-8.390624,0.000000)
(-20.557981,8.444009,0.000000)(20.557981,-8.444009,0.000000)
(-20.508232,8.496539,0.000000)(20.508232,-8.496539,0.000000)
(-20.456402,8.548207,0.000000)(20.456402,-8.548207,0.000000)
(-20.402491,8.599006,0.000000)(20.402491,-8.599006,0.000000)
(-20.346498,8.648928,0.000000)(20.346498,-8.648928,0.000000)
(-20.288425,8.697965,0.000000)(20.288425,-8.697965,0.000000)
(-20.228270,8.746109,0.000000)(20.228270,-8.746109,0.000000)
(-20.166033,8.793353,0.000000)(20.166033,-8.793353,0.000000)
(-20.101711,8.839688,0.000000)(20.101711,-8.839688,0.000000)
(-20.035305,8.885107,0.000000)(20.035305,-8.885107,0.000000)
(-19.966814,8.929601,0.000000)(19.966814,-8.929601,0.000000)
(-19.896236,8.973162,0.000000)(19.896236,-8.973162,0.000000)
(-19.823570,9.015780,0.000000)(19.823570,-9.015780,0.000000)
(-19.748814,9.057449,0.000000)(19.748814,-9.057449,0.000000)
(-19.671967,9.098159,0.000000)(19.671967,-9.098159,0.000000)
(-19.593025,9.137899,0.000000)(19.593025,-9.137899,0.000000)
(-19.511988,9.176662,0.000000)(19.511988,-9.176662,0.000000)
(-19.428852,9.214438,0.000000)(19.428852,-9.214438,0.000000)
(-19.343615,9.251218,0.000000)(19.343615,-9.251218,0.000000)
(-19.256273,9.286992,0.000000)(19.256273,-9.286992,0.000000)
(-19.166826,9.321750,0.000000)(19.166826,-9.321750,0.000000)
(-19.075270,9.355481,0.000000)(19.075270,-9.355481,0.000000)
(-18.981600,9.388177,0.000000)(18.981600,-9.388177,0.000000)
(-18.885815,9.419826,0.000000)(18.885815,-9.419826,0.000000)
(-18.787909,9.450417,0.000000)(18.787909,-9.450417,0.000000)
(-18.687878,9.479939,0.000000)(18.687878,-9.479939,0.000000)
(-18.585720,9.508383,0.000000)(18.585720,-9.508383,0.000000)
(-18.481430,9.535735,0.000000)(18.481430,-9.535735,0.000000)
(-18.375004,9.561985,0.000000)(18.375004,-9.561985,0.000000)
(-18.266436,9.587121,0.000000)(18.266436,-9.587121,0.000000)
(-18.155722,9.611131,0.000000)(18.155722,-9.611131,0.000000)
(-18.042856,9.634002,0.000000)(18.042856,-9.634002,0.000000)
(-17.927835,9.655722,0.000000)(17.927835,-9.655722,0.000000)
(-17.810652,9.676277,0.000000)(17.810652,-9.676277,0.000000)
(-17.691301,9.695655,0.000000)(17.691301,-9.695655,0.000000)
(-17.569777,9.713841,0.000000)(17.569777,-9.713841,0.000000)
(-17.446072,9.730823,0.000000)(17.446072,-9.730823,0.000000)
(-17.320181,9.746585,0.000000)(17.320181,-9.746585,0.000000)
(-17.192099,9.761113,0.000000)(17.192099,-9.761113,0.000000)
(-17.061817,9.774393,0.000000)(17.061817,-9.774393,0.000000)
(-16.929329,9.786408,0.000000)(16.929329,-9.786408,0.000000)
(-16.794626,9.797144,0.000000)(16.794626,-9.797144,0.000000)
(-16.657703,9.806584,0.000000)(16.657703,-9.806584,0.000000)
(-16.518551,9.814713,0.000000)(16.518551,-9.814713,0.000000)
(-16.377161,9.821511,0.000000)(16.377161,-9.821511,0.000000)
(-16.233526,9.826963,0.000000)(16.233526,-9.826963,0.000000)
(-16.087637,9.831051,0.000000)(16.087637,-9.831051,0.000000)
(-15.939486,9.833755,0.000000)(15.939486,-9.833755,0.000000)
(-15.789062,9.835058,0.000000)(15.789062,-9.835058,0.000000)
(-15.636356,9.834940,0.000000)(15.636356,-9.834940,0.000000)
(-15.481359,9.833381,0.000000)(15.481359,-9.833381,0.000000)
(-15.324061,9.830359,0.000000)(15.324061,-9.830359,0.000000)
(-15.164452,9.825855,0.000000)(15.164452,-9.825855,0.000000)
(-15.002520,9.819847,0.000000)(15.002520,-9.819847,0.000000)
(-14.838255,9.812311,0.000000)(14.838255,-9.812311,0.000000)
(-14.671646,9.803226,0.000000)(14.671646,-9.803226,0.000000)
(-14.502681,9.792565,0.000000)(14.502681,-9.792565,0.000000)
(-14.331347,9.780306,0.000000)(14.331347,-9.780306,0.000000)
(-14.157634,9.766422,0.000000)(14.157634,-9.766422,0.000000)
(-13.981527,9.750888,0.000000)(13.981527,-9.750888,0.000000)
(-13.803015,9.733676,0.000000)(13.803015,-9.733676,0.000000)
(-13.622083,9.714758,0.000000)(13.622083,-9.714758,0.000000)
(-13.438718,9.694104,0.000000)(13.438718,-9.694104,0.000000)
(-13.252906,9.671685,0.000000)(13.252906,-9.671685,0.000000)
(-13.064632,9.647470,0.000000)(13.064632,-9.647470,0.000000)
(-12.873882,9.621426,0.000000)(12.873882,-9.621426,0.000000)
(-12.680640,9.593519,0.000000)(12.680640,-9.593519,0.000000)
(-12.484890,9.563715,0.000000)(12.484890,-9.563715,0.000000)
(-12.286616,9.531978,0.000000)(12.286616,-9.531978,0.000000)
(-12.085802,9.498270,0.000000)(12.085802,-9.498270,0.000000)
(-11.882430,9.462552,0.000000)(11.882430,-9.462552,0.000000)
(-11.676483,9.424784,0.000000)(11.676483,-9.424784,0.000000)
(-11.467943,9.384922,0.000000)(11.467943,-9.384922,0.000000)
(-11.256792,9.342924,0.000000)(11.256792,-9.342924,0.000000)
(-11.043012,9.298743,0.000000)(11.043012,-9.298743,0.000000)
(-10.826582,9.252332,0.000000)(10.826582,-9.252332,0.000000)
(-10.607483,9.203639,0.000000)(10.607483,-9.203639,0.000000)
(-10.385695,9.152613,0.000000)(10.385695,-9.152613,0.000000)
(-10.161197,9.099198,0.000000)(10.161197,-9.099198,0.000000)
(-9.933968,9.043339,0.000000)(9.933968,-9.043339,0.000000)
(-9.703986,8.984974,0.000000)(9.703986,-8.984974,0.000000)
(-9.471231,8.924040,0.000000)(9.471231,-8.924040,0.000000)
(-9.235679,8.860471,0.000000)(9.235679,-8.860471,0.000000)
(-8.997308,8.794197,0.000000)(8.997308,-8.794197,0.000000)
(-8.756095,8.725146,0.000000)(8.756095,-8.725146,0.000000)
(-8.512016,8.653240,0.000000)(8.512016,-8.653240,0.000000)
(-8.265049,8.578397,0.000000)(8.265049,-8.578397,0.000000)
(-8.015170,8.500531,0.000000)(8.015170,-8.500531,0.000000)
(-7.762355,8.419552,0.000000)(7.762355,-8.419552,0.000000)
(-7.506580,8.335362,0.000000)(7.506580,-8.335362,0.000000)
(-7.247823,8.247861,0.000000)(7.247823,-8.247861,0.000000)
(-6.986059,8.156939,0.000000)(6.986059,-8.156939,0.000000)
(-6.721267,8.062480,0.000000)(6.721267,-8.062480,0.000000)
(-6.453425,7.964363,0.000000)(6.453425,-7.964363,0.000000)
(-6.182513,7.862456,0.000000)(6.182513,-7.862456,0.000000)
(-5.908510,7.756619,0.000000)(5.908510,-7.756619,0.000000)
(-5.631400,7.646704,0.000000)(5.631400,-7.646704,0.000000)
(-5.351168,7.532548,0.000000)(5.351168,-7.532548,0.000000)
(-5.067802,7.413982,0.000000)(5.067802,-7.413982,0.000000)
(-4.781294,7.290819,0.000000)(4.781294,-7.290819,0.000000)
(-4.491641,7.162860,0.000000)(4.491641,-7.162860,0.000000)
(-4.198846,7.029891,0.000000)(4.198846,-7.029891,0.000000)
(-3.902920,6.891680,0.000000)(3.902920,-6.891680,0.000000)
(-3.603884,6.747975,0.000000)(3.603884,-6.747975,0.000000)
(-3.301768,6.598505,0.000000)(3.301768,-6.598505,0.000000)
(-2.996620,6.442976,0.000000)(2.996620,-6.442976,0.000000)
(-2.688504,6.281065,0.000000)(2.688504,-6.281065,0.000000)
(-2.377509,6.112428,0.000000)(2.377509,-6.112428,0.000000)
(-2.063750,5.936685,0.000000)(2.063750,-5.936685,0.000000)
(-1.747378,5.753428,0.000000)(1.747378,-5.753428,0.000000)
(-1.428591,5.562214,0.000000)(1.428591,-5.562214,0.000000)
(-1.107637,5.362567,0.000000)(1.107637,-5.362567,0.000000)
(-0.784837,5.153978,0.000000)(0.784837,-5.153978,0.000000)
(-0.460592,4.935908,0.000000)(0.460592,-4.935908,0.000000)
(-0.135411,4.707795,0.000000)(0.135411,-4.707795,0.000000)
(0.190076,4.469070,0.000000)(-0.190076,-4.469070,0.000000)
(0.515088,4.219178,0.000000)(-0.515088,-4.219178,0.000000)
(0.838674,3.957608,0.000000)(-0.838674,-3.957608,0.000000)
(1.159698,3.683948,0.000000)(-1.159698,-3.683948,0.000000)
(1.476835,3.397939,0.000000)(-1.476835,-3.397939,0.000000)
(1.788592,3.099554,0.000000)(-1.788592,-3.099554,0.000000)
(2.093366,2.789067,0.000000)(-2.093366,-2.789067,0.000000)
(2.389534,2.467112,0.000000)(-2.389534,-2.467112,0.000000)
(2.675573,2.134701,0.000000)(-2.675573,-2.134701,0.000000)
(2.950193,1.793179,0.000000)(-2.950193,-1.793179,0.000000)
(3.212438,1.444135,0.000000)(-3.212438,-1.444135,0.000000)
(3.461734,1.089270,0.000000)(-3.461734,-1.089270,0.000000)
(3.697888,0.730270,0.000000)(-3.697888,-0.730270,0.000000)
(3.921029,0.368699,0.000000)(-3.921029,-0.368699,0.000000)
(4.131529,0.005941,0.000000)(-4.131529,-0.005941,0.000000)
(4.329928,-0.356835,0.000000)(-4.329928,0.356835,0.000000)
(4.516857,-0.718666,0.000000)(-4.516857,0.718666,0.000000)
(4.692989,-1.078779,0.000000)(-4.692989,1.078779,0.000000)
(4.859002,-1.436566,0.000000)(-4.859002,1.436566,0.000000)
(5.015552,-1.791556,0.000000)(-5.015552,1.791556,0.000000)
(5.163261,-2.143387,0.000000)(-5.163261,2.143387,0.000000)
(5.302710,-2.491789,0.000000)(-5.302710,2.491789,0.000000)
(5.434434,-2.836562,0.000000)(-5.434434,2.836562,0.000000)
(5.558929,-3.177561,0.000000)(-5.558929,3.177561,0.000000)
(5.676644,-3.514684,0.000000)(-5.676644,3.514684,0.000000)
(5.787992,-3.847865,0.000000)(-5.787992,3.847865,0.000000)
(5.893349,-4.177063,0.000000)(-5.893349,4.177063,0.000000)
(5.993058,-4.502259,0.000000)(-5.993058,4.502259,0.000000)
(6.087435,-4.823449,0.000000)(-6.087435,4.823449,0.000000)
(6.176765,-5.140640,0.000000)(-6.176765,5.140640,0.000000)
(6.261314,-5.453852,0.000000)(-6.261314,5.453852,0.000000)
(6.341322,-5.763108,0.000000)(-6.341322,5.763108,0.000000)
(6.417012,-6.068439,0.000000)(-6.417012,6.068439,0.000000)
(6.488588,-6.369882,0.000000)(-6.488588,6.369882,0.000000)
(6.556241,-6.667471,0.000000)(-6.556241,6.667471,0.000000)
(6.620144,-6.961248,0.000000)(-6.620144,6.961248,0.000000)
(6.680460,-7.251254,0.000000)(-6.680460,7.251254,0.000000)
(6.737341,-7.537530,0.000000)(-6.737341,7.537530,0.000000)
(6.790926,-7.820118,0.000000)(-6.790926,7.820118,0.000000)
(6.841345,-8.099062,0.000000)(-6.841345,8.099062,0.000000)
(6.888721,-8.374402,0.000000)(-6.888721,8.374402,0.000000)
(6.933167,-8.646181,0.000000)(-6.933167,8.646181,0.000000)
(6.974791,-8.914441,0.000000)(-6.974791,8.914441,0.000000)
(7.013693,-9.179222,0.000000)(-7.013693,9.179222,0.000000)
(7.049968,-9.440563,0.000000)(-7.049968,9.440563,0.000000)
(7.083703,-9.698504,0.000000)(-7.083703,9.698504,0.000000)
(7.114983,-9.953084,0.000000)(-7.114983,9.953084,0.000000)
(7.143886,-10.204339,0.000000)(-7.143886,10.204339,0.000000)
(7.170486,-10.452306,0.000000)(-7.170486,10.452306,0.000000)
(7.194856,-10.697020,0.000000)(-7.194856,10.697020,0.000000)
(7.217061,-10.938515,0.000000)(-7.217061,10.938515,0.000000)
(7.237165,-11.176826,0.000000)(-7.237165,11.176826,0.000000)
(7.255228,-11.411984,0.000000)(-7.255228,11.411984,0.000000)
(7.271307,-11.644023,0.000000)(-7.271307,11.644023,0.000000)
(7.285457,-11.872972,0.000000)(-7.285457,11.872972,0.000000)
(7.297729,-12.098863,0.000000)(-7.297729,12.098863,0.000000)
(7.308175,-12.321722,0.000000)(-7.308175,12.321722,0.000000)
(7.316839,-12.541580,0.000000)(-7.316839,12.541580,0.000000)
(7.323769,-12.758464,0.000000)(-7.323769,12.758464,0.000000)
(7.329006,-12.972400,0.000000)(-7.329006,12.972400,0.000000)
(7.332592,-13.183414,0.000000)(-7.332592,13.183414,0.000000)
(7.334568,-13.391531,0.000000)(-7.334568,13.391531,0.000000)
(7.334970,-13.596776,0.000000)(-7.334970,13.596776,0.000000)
(7.333836,-13.799173,0.000000)(-7.333836,13.799173,0.000000)
(7.331200,-13.998745,0.000000)(-7.331200,13.998745,0.000000)
(7.327096,-14.195514,0.000000)(-7.327096,14.195514,0.000000)
(7.321557,-14.389502,0.000000)(-7.321557,14.389502,0.000000)
(7.314613,-14.580729,0.000000)(-7.314613,14.580729,0.000000)
(7.306294,-14.769217,0.000000)(-7.306294,14.769217,0.000000)
(7.296631,-14.954985,0.000000)(-7.296631,14.954985,0.000000)
(7.285650,-15.138052,0.000000)(-7.285650,15.138052,0.000000)
(7.273378,-15.318438,0.000000)(-7.273378,15.318438,0.000000)
(7.259841,-15.496160,0.000000)(-7.259841,15.496160,0.000000)
(7.245065,-15.671236,0.000000)(-7.245065,15.671236,0.000000)
(7.229074,-15.843683,0.000000)(-7.229074,15.843683,0.000000)
(7.211890,-16.013519,0.000000)(-7.211890,16.013519,0.000000)
(7.193538,-16.180759,0.000000)(-7.193538,16.180759,0.000000)
(7.174038,-16.345419,0.000000)(-7.174038,16.345419,0.000000)
(7.153413,-16.507513,0.000000)(-7.153413,16.507513,0.000000)
(7.131683,-16.667057,0.000000)(-7.131683,16.667057,0.000000)
(7.108868,-16.824066,0.000000)(-7.108868,16.824066,0.000000)
(7.084987,-16.978554,0.000000)(-7.084987,16.978554,0.000000)
(7.060060,-17.130533,0.000000)(-7.060060,17.130533,0.000000)
(7.034104,-17.280018,0.000000)(-7.034104,17.280018,0.000000)
(7.007138,-17.427019,0.000000)(-7.007138,17.427019,0.000000)
(6.979178,-17.571550,0.000000)(-6.979178,17.571550,0.000000)
(6.950243,-17.713625,0.000000)(-6.950243,17.713625,0.000000)
(6.920348,-17.853252,0.000000)(-6.920348,17.853252,0.000000)
(6.889509,-17.990446,0.000000)(-6.889509,17.990446,0.000000)
(6.857742,-18.125216,0.000000)(-6.857742,18.125216,0.000000)
(6.825062,-18.257572,0.000000)(-6.825062,18.257572,0.000000)
(6.791483,-18.387526,0.000000)(-6.791483,18.387526,0.000000)
(6.757021,-18.515087,0.000000)(-6.757021,18.515087,0.000000)
(6.721690,-18.640265,0.000000)(-6.721690,18.640265,0.000000)
(6.685502,-18.763069,0.000000)(-6.685502,18.763069,0.000000)
(6.648472,-18.883509,0.000000)(-6.648472,18.883509,0.000000)
(6.610612,-19.001593,0.000000)(-6.610612,19.001593,0.000000)
(6.571936,-19.117329,0.000000)(-6.571936,19.117329,0.000000)
(6.532455,-19.230726,0.000000)(-6.532455,19.230726,0.000000)
(6.492183,-19.341793,0.000000)(-6.492183,19.341793,0.000000)
(6.451131,-19.450537,0.000000)(-6.451131,19.450537,0.000000)
(6.409311,-19.556963,0.000000)(-6.409311,19.556963,0.000000)
(6.366735,-19.661081,0.000000)(-6.366735,19.661081,0.000000)
(6.323412,-19.762897,0.000000)(-6.323412,19.762897,0.000000)
(6.279356,-19.862419,0.000000)(-6.279356,19.862419,0.000000)
(6.234576,-19.959652,0.000000)(-6.234576,19.959652,0.000000)
(6.189083,-20.054602,0.000000)(-6.189083,20.054602,0.000000)
(6.142888,-20.147276,0.000000)(-6.142888,20.147276,0.000000)
(6.096000,-20.237680,0.000000)(-6.096000,20.237680,0.000000)
(6.048429,-20.325819,0.000000)(-6.048429,20.325819,0.000000)
(6.000187,-20.411697,0.000000)(-6.000187,20.411697,0.000000)
(5.951282,-20.495321,0.000000)(-5.951282,20.495321,0.000000)
(5.901723,-20.576694,0.000000)(-5.901723,20.576694,0.000000)
(5.851521,-20.655823,0.000000)(-5.851521,20.655823,0.000000)
(5.800683,-20.732710,0.000000)(-5.800683,20.732710,0.000000)
(5.749220,-20.807362,0.000000)(-5.749220,20.807362,0.000000)
(5.697140,-20.879780,0.000000)(-5.697140,20.879780,0.000000)
(5.644452,-20.949970,0.000000)(-5.644452,20.949970,0.000000)
(5.591164,-21.017935,0.000000)(-5.591164,21.017935,0.000000)
(5.537285,-21.083677,0.000000)(-5.537285,21.083677,0.000000)
(5.482824,-21.147202,0.000000)(-5.482824,21.147202,0.000000)
(5.427788,-21.208511,0.000000)(-5.427788,21.208511,0.000000)
(5.372186,-21.267609,0.000000)(-5.372186,21.267609,0.000000)
(5.316026,-21.324495,0.000000)(-5.316026,21.324495,0.000000)
(5.259315,-21.379175,0.000000)(-5.259315,21.379175,0.000000)
(5.202063,-21.431648,0.000000)(-5.202063,21.431648,0.000000)
(5.144275,-21.481918,0.000000)(-5.144275,21.481918,0.000000)
(5.085960,-21.529987,0.000000)(-5.085960,21.529987,0.000000)
(5.027125,-21.575857,0.000000)(-5.027125,21.575857,0.000000)
(4.967779,-21.619530,0.000000)(-4.967779,21.619530,0.000000)
(4.907927,-21.661005,0.000000)(-4.907927,21.661005,0.000000)
(4.847578,-21.700285,0.000000)(-4.847578,21.700285,0.000000)
(4.786739,-21.737370,0.000000)(-4.786739,21.737370,0.000000)
(4.725417,-21.772261,0.000000)(-4.725417,21.772261,0.000000)
(4.663619,-21.804958,0.000000)(-4.663619,21.804958,0.000000)
(4.601351,-21.835463,0.000000)(-4.601351,21.835463,0.000000)
(4.538622,-21.863775,0.000000)(-4.538622,21.863775,0.000000)
(4.475438,-21.889896,0.000000)(-4.475438,21.889896,0.000000)
(4.411805,-21.913824,0.000000)(-4.411805,21.913824,0.000000)
(4.347731,-21.935558,0.000000)(-4.347731,21.935558,0.000000)
(4.283222,-21.955099,0.000000)(-4.283222,21.955099,0.000000)
(4.218286,-21.972446,0.000000)(-4.218286,21.972446,0.000000)
(4.152927,-21.987600,0.000000)(-4.152927,21.987600,0.000000)
(4.087154,-22.000557,0.000000)(-4.087154,22.000557,0.000000)
(4.020973,-22.011318,0.000000)(-4.020973,22.011318,0.000000)
(3.954391,-22.019880,0.000000)(-3.954391,22.019880,0.000000)
(3.887413,-22.026243,0.000000)(-3.887413,22.026243,0.000000)
(3.820047,-22.030405,0.000000)(-3.820047,22.030405,0.000000)
(3.752299,-22.032362,0.000000)(-3.752299,22.032362,0.000000)
(3.684175,-22.032114,0.000000)(-3.684175,22.032114,0.000000)
(3.615682,-22.029659,0.000000)(-3.615682,22.029659,0.000000)
(3.546826,-22.024994,0.000000)(-3.546826,22.024994,0.000000)
(3.477614,-22.018116,0.000000)(-3.477614,22.018116,0.000000)
(3.408052,-22.009022,0.000000)(-3.408052,22.009022,0.000000)
(3.338147,-21.997709,0.000000)(-3.338147,21.997709,0.000000)
(3.267904,-21.984175,0.000000)(-3.267904,21.984175,0.000000)
(3.197331,-21.968416,0.000000)(-3.197331,21.968416,0.000000)
(3.126433,-21.950428,0.000000)(-3.126433,21.950428,0.000000)
(3.055217,-21.930208,0.000000)(-3.055217,21.930208,0.000000)
(2.983690,-21.907751,0.000000)(-2.983690,21.907751,0.000000)
(2.911857,-21.883053,0.000000)(-2.911857,21.883053,0.000000)
(2.839726,-21.856110,0.000000)(-2.839726,21.856110,0.000000)
(2.767302,-21.826918,0.000000)(-2.767302,21.826918,0.000000)
(2.694592,-21.795471,0.000000)(-2.694592,21.795471,0.000000)
(2.621604,-21.761765,0.000000)(-2.621604,21.761765,0.000000)
(2.548342,-21.725794,0.000000)(-2.548342,21.725794,0.000000)
(2.474814,-21.687551,0.000000)(-2.474814,21.687551,0.000000)
(2.401026,-21.647034,0.000000)(-2.401026,21.647034,0.000000)
(2.326986,-21.604235,0.000000)(-2.326986,21.604235,0.000000)
(2.252699,-21.559147,0.000000)(-2.252699,21.559147,0.000000)
(2.178172,-21.511766,0.000000)(-2.178172,21.511766,0.000000)
(2.103412,-21.462084,0.000000)(-2.103412,21.462084,0.000000)
(2.028426,-21.410095,0.000000)(-2.028426,21.410095,0.000000)
(1.953221,-21.355791,0.000000)(-1.953221,21.355791,0.000000)
(1.877803,-21.299166,0.000000)(-1.877803,21.299166,0.000000)
(1.802180,-21.240210,0.000000)(-1.802180,21.240210,0.000000)
(1.726359,-21.178917,0.000000)(-1.726359,21.178917,0.000000)
(1.650347,-21.115278,0.000000)(-1.650347,21.115278,0.000000)
(1.574150,-21.049288,0.000000)(-1.574150,21.049288,0.000000)
(1.497777,-20.980934,0.000000)(-1.497777,20.980934,0.000000)
(1.421235,-20.910210,0.000000)(-1.421235,20.910210,0.000000)
(1.344531,-20.837105,0.000000)(-1.344531,20.837105,0.000000)
(1.267673,-20.761610,0.000000)(-1.267673,20.761610,0.000000)
(1.190668,-20.683716,0.000000)(-1.190668,20.683716,0.000000)
(1.113525,-20.603413,0.000000)(-1.113525,20.603413,0.000000)
(1.036250,-20.520689,0.000000)(-1.036250,20.520689,0.000000)
(0.958853,-20.435535,0.000000)(-0.958853,20.435535,0.000000)
(0.881342,-20.347940,0.000000)(-0.881342,20.347940,0.000000)
(0.803724,-20.257893,0.000000)(-0.803724,20.257893,0.000000)
(0.726009,-20.165380,0.000000)(-0.726009,20.165380,0.000000)
(0.648204,-20.070393,0.000000)(-0.648204,20.070393,0.000000)
(0.570319,-19.972916,0.000000)(-0.570319,19.972916,0.000000)
(0.492362,-19.872938,0.000000)(-0.492362,19.872938,0.000000)
(0.414344,-19.770447,0.000000)(-0.414344,19.770447,0.000000)
(0.336272,-19.665426,0.000000)(-0.336272,19.665426,0.000000)
(0.258157,-19.557865,0.000000)(-0.258157,19.557865,0.000000)
(0.180008,-19.447746,0.000000)(-0.180008,19.447746,0.000000)
(0.101835,-19.335058,0.000000)(-0.101835,19.335058,0.000000)
(0.023649,-19.219784,0.000000)(-0.023649,19.219784,0.000000)
(-0.054541,-19.101908,0.000000)(0.054541,19.101908,0.000000)
(-0.132723,-18.981415,0.000000)(0.132723,18.981415,0.000000)
(-0.210887,-18.858288,0.000000)(0.210887,18.858288,0.000000)
(-0.289021,-18.732510,0.000000)(0.289021,18.732510,0.000000)
(-0.367113,-18.604063,0.000000)(0.367113,18.604063,0.000000)
(-0.445153,-18.472929,0.000000)(0.445153,18.472929,0.000000)
(-0.523128,-18.339090,0.000000)(0.523128,18.339090,0.000000)
(-0.601025,-18.202528,0.000000)(0.601025,18.202528,0.000000)
(-0.678831,-18.063221,0.000000)(0.678831,18.063221,0.000000)
(-0.756534,-17.921150,0.000000)(0.756534,17.921150,0.000000)
(-0.834119,-17.776295,0.000000)(0.834119,17.776295,0.000000)
(-0.911572,-17.628632,0.000000)(0.911572,17.628632,0.000000)
(-0.988879,-17.478140,0.000000)(0.988879,17.478140,0.000000)
(-1.066024,-17.324797,0.000000)(1.066024,17.324797,0.000000)
(-1.142993,-17.168579,0.000000)(1.142993,17.168579,0.000000)
(-1.219769,-17.009462,0.000000)(1.219769,17.009462,0.000000)
(-1.296335,-16.847420,0.000000)(1.296335,16.847420,0.000000)
(-1.372673,-16.682426,0.000000)(1.372673,16.682426,0.000000)
(-1.448767,-16.514458,0.000000)(1.448767,16.514458,0.000000)
(-1.524598,-16.343483,0.000000)(1.524598,16.343483,0.000000)
(-1.600145,-16.169476,0.000000)(1.600145,16.169476,0.000000)
(-1.675390,-15.992407,0.000000)(1.675390,15.992407,0.000000)
(-1.750310,-15.812245,0.000000)(1.750310,15.812245,0.000000)
(-1.824885,-15.628960,0.000000)(1.824885,15.628960,0.000000)
(-1.899091,-15.442518,0.000000)(1.899091,15.442518,0.000000)
(-1.972905,-15.252887,0.000000)(1.972905,15.252887,0.000000)
(-2.046301,-15.060031,0.000000)(2.046301,15.060031,0.000000)
(-2.119255,-14.863915,0.000000)(2.119255,14.863915,0.000000)
(-2.191739,-14.664503,0.000000)(2.191739,14.664503,0.000000)
(-2.263725,-14.461756,0.000000)(2.263725,14.461756,0.000000)
(-2.335182,-14.255634,0.000000)(2.335182,14.255634,0.000000)
(-2.406079,-14.046097,0.000000)(2.406079,14.046097,0.000000)
(-2.476384,-13.833101,0.000000)(2.476384,13.833101,0.000000)
(-2.546063,-13.616603,0.000000)(2.546063,13.616603,0.000000)
(-2.615077,-13.396557,0.000000)(2.615077,13.396557,0.000000)
(-2.683391,-13.172915,0.000000)(2.683391,13.172915,0.000000)
(-2.750961,-12.945630,0.000000)(2.750961,12.945630,0.000000)
(-2.817747,-12.714649,0.000000)(2.817747,12.714649,0.000000)
(-2.883701,-12.479919,0.000000)(2.883701,12.479919,0.000000)
(-2.948777,-12.241386,0.000000)(2.948777,12.241386,0.000000)
(-3.012923,-11.998993,0.000000)(3.012923,11.998993,0.000000)
(-3.076085,-11.752680,0.000000)(3.076085,11.752680,0.000000)
(-3.138204,-11.502385,0.000000)(3.138204,11.502385,0.000000)
(-3.199220,-11.248044,0.000000)(3.199220,11.248044,0.000000)
(-3.259066,-10.989591,0.000000)(3.259066,10.989591,0.000000)
(-3.317671,-10.726955,0.000000)(3.317671,10.726955,0.000000)
(-3.374961,-10.460066,0.000000)(3.374961,10.460066,0.000000)
(-3.430855,-10.188847,0.000000)(3.430855,10.188847,0.000000)
(-3.485264,-9.913220,0.000000)(3.485264,9.913220,0.000000)
(-3.538094,-9.633105,0.000000)(3.538094,9.633105,0.000000)
(-3.589245,-9.348416,0.000000)(3.589245,9.348416,0.000000)
(-3.638607,-9.059066,0.000000)(3.638607,9.059066,0.000000)
(-3.686059,-8.764963,0.000000)(3.686059,8.764963,0.000000)
(-3.731473,-8.466013,0.000000)(3.731473,8.466013,0.000000)
(-3.774707,-8.162118,0.000000)(3.774707,8.162118,0.000000)
(-3.815608,-7.853176,0.000000)(3.815608,7.853176,0.000000)
(-3.854006,-7.539083,0.000000)(3.854006,7.539083,0.000000)
(-3.889715,-7.219733,0.000000)(3.889715,7.219733,0.000000)
(-3.922534,-6.895015,0.000000)(3.922534,6.895015,0.000000)
(-3.952235,-6.564818,0.000000)(3.952235,6.564818,0.000000)
(-3.978571,-6.229031,0.000000)(3.978571,6.229031,0.000000)
(-4.001265,-5.887543,0.000000)(4.001265,5.887543,0.000000)
(-4.020011,-5.540246,0.000000)(4.020011,5.540246,0.000000)
(-4.034468,-5.187037,0.000000)(4.034468,5.187037,0.000000)
(-4.044253,-4.827821,0.000000)(4.044253,4.827821,0.000000)
(-4.048940,-4.462519,0.000000)(4.048940,4.462519,0.000000)
(-4.048051,-4.091073,0.000000)(4.048051,4.091073,0.000000)
(-4.041051,-3.713450,0.000000)(4.041051,3.713450,0.000000)
(-4.027344,-3.329664,0.000000)(4.027344,3.329664,0.000000)
(-4.006261,-2.939780,0.000000)(4.006261,2.939780,0.000000)
(-3.977067,-2.543944,0.000000)(3.977067,2.543944,0.000000)
(-3.938951,-2.142401,0.000000)(3.938951,2.142401,0.000000)
(-3.891038,-1.735530,0.000000)(3.891038,1.735530,0.000000)
(-3.832409,-1.323878,0.000000)(3.832409,1.323878,0.000000)
(-3.762123,-0.908200,0.000000)(3.762123,0.908200,0.000000)
(-3.679279,-0.489490,0.000000)(3.679279,0.489490,0.000000)
(-3.583082,-0.069004,0.000000)(3.583082,0.069004,0.000000)
(-3.472935,0.351751,0.000000)(3.472935,-0.351751,0.000000)
(-3.348537,0.771063,0.000000)(3.348537,-0.771063,0.000000)
(-3.209960,1.187109,0.000000)(3.209960,-1.187109,0.000000)
(-3.057680,1.598088,0.000000)(3.057680,-1.598088,0.000000)
(-2.892556,2.002354,0.000000)(2.892556,-2.002354,0.000000)
(-2.715746,2.398531,0.000000)(2.715746,-2.398531,0.000000)
(-2.528593,2.785572,0.000000)(2.528593,-2.785572,0.000000)
(-2.332508,3.162773,0.000000)(2.332508,-3.162773,0.000000)
(-2.128870,3.529734,0.000000)(2.128870,-3.529734,0.000000)
(-1.918968,3.886308,0.000000)(1.918968,-3.886308,0.000000)
(-1.703959,4.232539,0.000000)(1.703959,-4.232539,0.000000)
(-1.484856,4.568604,0.000000)(1.484856,-4.568604,0.000000)
(-1.262537,4.894770,0.000000)(1.262537,-4.894770,0.000000)
(-1.037747,5.211358,0.000000)(1.037747,-5.211358,0.000000)
(-0.811120,5.518718,0.000000)(0.811120,-5.518718,0.000000)
(-0.583189,5.817209,0.000000)(0.583189,-5.817209,0.000000)
(-0.354405,6.107191,0.000000)(0.354405,-6.107191,0.000000)
(-0.125147,6.389013,0.000000)(0.125147,-6.389013,0.000000)
(0.104263,6.663013,0.000000)(-0.104263,-6.663013,0.000000)
(0.333557,6.929509,0.000000)(-0.333557,-6.929509,0.000000)
(0.562504,7.188807,0.000000)(-0.562504,-7.188807,0.000000)
(0.790910,7.441192,0.000000)(-0.790910,-7.441192,0.000000)
(1.018609,7.686933,0.000000)(-1.018609,-7.686933,0.000000)
(1.245462,7.926281,0.000000)(-1.245462,-7.926281,0.000000)
(1.471347,8.159473,0.000000)(-1.471347,-8.159473,0.000000)
(1.696162,8.386731,0.000000)(-1.696162,-8.386731,0.000000)
(1.919819,8.608261,0.000000)(-1.919819,-8.608261,0.000000)
(2.142242,8.824258,0.000000)(-2.142242,-8.824258,0.000000)
(2.363366,9.034904,0.000000)(-2.363366,-9.034904,0.000000)
(2.583135,9.240370,0.000000)(-2.583135,-9.240370,0.000000)
(2.801501,9.440817,0.000000)(-2.801501,-9.440817,0.000000)
(3.018422,9.636396,0.000000)(-3.018422,-9.636396,0.000000)
(3.233864,9.827251,0.000000)(-3.233864,-9.827251,0.000000)
(3.447794,10.013515,0.000000)(-3.447794,-10.013515,0.000000)
(3.660188,10.195315,0.000000)(-3.660188,-10.195315,0.000000)
(3.871022,10.372771,0.000000)(-3.871022,-10.372771,0.000000)
(4.080277,10.545996,0.000000)(-4.080277,-10.545996,0.000000)
(4.287937,10.715096,0.000000)(-4.287937,-10.715096,0.000000)
(4.493987,10.880176,0.000000)(-4.493987,-10.880176,0.000000)
(4.698416,11.041328,0.000000)(-4.698416,-11.041328,0.000000)
(4.901213,11.198647,0.000000)(-4.901213,-11.198647,0.000000)
(5.102370,11.352220,0.000000)(-5.102370,-11.352220,0.000000)
(5.301880,11.502127,0.000000)(-5.301880,-11.502127,0.000000)
(5.499737,11.648449,0.000000)(-5.499737,-11.648449,0.000000)
(5.695938,11.791262,0.000000)(-5.695938,-11.791262,0.000000)
(5.890477,11.930635,0.000000)(-5.890477,-11.930635,0.000000)
(6.083353,12.066640,0.000000)(-6.083353,-12.066640,0.000000)
(6.274563,12.199341,0.000000)(-6.274563,-12.199341,0.000000)
(6.464107,12.328800,0.000000)(-6.464107,-12.328800,0.000000)
(6.651982,12.455079,0.000000)(-6.651982,-12.455079,0.000000)
(6.838189,12.578234,0.000000)(-6.838189,-12.578234,0.000000)
(7.022727,12.698320,0.000000)(-7.022727,-12.698320,0.000000)
(7.205599,12.815392,0.000000)(-7.205599,-12.815392,0.000000)
(7.386804,12.929499,0.000000)(-7.386804,-12.929499,0.000000)
(7.566342,13.040690,0.000000)(-7.566342,-13.040690,0.000000)
(7.744217,13.149014,0.000000)(-7.744217,-13.149014,0.000000)
(7.920429,13.254514,0.000000)(-7.920429,-13.254514,0.000000)
(8.094979,13.357234,0.000000)(-8.094979,-13.357234,0.000000)
(8.267871,13.457216,0.000000)(-8.267871,-13.457216,0.000000)
(8.439105,13.554502,0.000000)(-8.439105,-13.554502,0.000000)
(8.608685,13.649128,0.000000)(-8.608685,-13.649128,0.000000)
(8.776611,13.741134,0.000000)(-8.776611,-13.741134,0.000000)
(8.942887,13.830555,0.000000)(-8.942887,-13.830555,0.000000)
(9.107514,13.917427,0.000000)(-9.107514,-13.917427,0.000000)
(9.270495,14.001783,0.000000)(-9.270495,-14.001783,0.000000)
(9.431833,14.083657,0.000000)(-9.431833,-14.083657,0.000000)
(9.591529,14.163080,0.000000)(-9.591529,-14.163080,0.000000)
(9.749586,14.240083,0.000000)(-9.749586,-14.240083,0.000000)
(9.906006,14.314695,0.000000)(-9.906006,-14.314695,0.000000)
(10.060792,14.386946,0.000000)(-10.060792,-14.386946,0.000000)
(10.213945,14.456862,0.000000)(-10.213945,-14.456862,0.000000)
(10.365469,14.524472,0.000000)(-10.365469,-14.524472,0.000000)
(10.515365,14.589801,0.000000)(-10.515365,-14.589801,0.000000)
(10.663635,14.652874,0.000000)(-10.663635,-14.652874,0.000000)
(10.810282,14.713717,0.000000)(-10.810282,-14.713717,0.000000)
(10.955307,14.772352,0.000000)(-10.955307,-14.772352,0.000000)
(11.098713,14.828804,0.000000)(-11.098713,-14.828804,0.000000)
(11.240501,14.883095,0.000000)(-11.240501,-14.883095,0.000000)
(11.380674,14.935246,0.000000)(-11.380674,-14.935246,0.000000)
(11.519233,14.985280,0.000000)(-11.519233,-14.985280,0.000000)
(11.656179,15.033216,0.000000)(-11.656179,-15.033216,0.000000)
(11.791515,15.079075,0.000000)(-11.791515,-15.079075,0.000000)
(11.925242,15.122876,0.000000)(-11.925242,-15.122876,0.000000)
(12.057362,15.164639,0.000000)(-12.057362,-15.164639,0.000000)
(12.187875,15.204381,0.000000)(-12.187875,-15.204381,0.000000)
(12.316783,15.242122,0.000000)(-12.316783,-15.242122,0.000000)
(12.444088,15.277878,0.000000)(-12.444088,-15.277878,0.000000)
(12.569790,15.311666,0.000000)(-12.569790,-15.311666,0.000000)
(12.693891,15.343504,0.000000)(-12.693891,-15.343504,0.000000)
(12.816391,15.373407,0.000000)(-12.816391,-15.373407,0.000000)
(12.937292,15.401392,0.000000)(-12.937292,-15.401392,0.000000)
(13.056594,15.427473,0.000000)(-13.056594,-15.427473,0.000000)
(13.174297,15.451666,0.000000)(-13.174297,-15.451666,0.000000)
(13.290403,15.473985,0.000000)(-13.290403,-15.473985,0.000000)
(13.404912,15.494444,0.000000)(-13.404912,-15.494444,0.000000)
(13.517824,15.513058,0.000000)(-13.517824,-15.513058,0.000000)
(13.629140,15.529840,0.000000)(-13.629140,-15.529840,0.000000)
(13.738859,15.544803,0.000000)(-13.738859,-15.544803,0.000000)
(13.846983,15.557960,0.000000)(-13.846983,-15.557960,0.000000)
(13.953510,15.569324,0.000000)(-13.953510,-15.569324,0.000000)
(14.058442,15.578906,0.000000)(-14.058442,-15.578906,0.000000)
(14.161777,15.586720,0.000000)(-14.161777,-15.586720,0.000000)
(14.263516,15.592776,0.000000)(-14.263516,-15.592776,0.000000)
(14.363658,15.597087,0.000000)(-14.363658,-15.597087,0.000000)
(14.462202,15.599663,0.000000)(-14.462202,-15.599663,0.000000)
(14.559148,15.600515,0.000000)(-14.559148,-15.600515,0.000000)
(14.654495,15.599655,0.000000)(-14.654495,-15.599655,0.000000)
(14.748243,15.597092,0.000000)(-14.748243,-15.597092,0.000000)
(14.840391,15.592836,0.000000)(-14.840391,-15.592836,0.000000)
(14.930938,15.586898,0.000000)(-14.930938,-15.586898,0.000000)
(15.019881,15.579287,0.000000)(-15.019881,-15.579287,0.000000)
(15.107222,15.570012,0.000000)(-15.107222,-15.570012,0.000000)
(15.192957,15.559084,0.000000)(-15.192957,-15.559084,0.000000)
(15.277086,15.546511,0.000000)(-15.277086,-15.546511,0.000000)
(15.359608,15.532301,0.000000)(-15.359608,-15.532301,0.000000)
(15.440519,15.516463,0.000000)(-15.440519,-15.516463,0.000000)
(15.519820,15.499007,0.000000)(-15.519820,-15.499007,0.000000)
(15.597507,15.479940,0.000000)(-15.597507,-15.479940,0.000000)
(15.673580,15.459270,0.000000)(-15.673580,-15.459270,0.000000)
(15.748035,15.437006,0.000000)(-15.748035,-15.437006,0.000000)
(15.820872,15.413154,0.000000)(-15.820872,-15.413154,0.000000)
(15.892087,15.387722,0.000000)(-15.892087,-15.387722,0.000000)
(15.961679,15.360718,0.000000)(-15.961679,-15.360718,0.000000)
(16.029644,15.332149,0.000000)(-16.029644,-15.332149,0.000000)
(16.095980,15.302021,0.000000)(-16.095980,-15.302021,0.000000)
(16.160685,15.270343,0.000000)(-16.160685,-15.270343,0.000000)
(16.223755,15.237120,0.000000)(-16.223755,-15.237120,0.000000)
(16.285187,15.202359,0.000000)(-16.285187,-15.202359,0.000000)
(16.344978,15.166067,0.000000)(-16.344978,-15.166067,0.000000)
(16.403126,15.128249,0.000000)(-16.403126,-15.128249,0.000000)
(16.459627,15.088913,0.000000)(-16.459627,-15.088913,0.000000)
(16.514477,15.048063,0.000000)(-16.514477,-15.048063,0.000000)
(16.567673,15.005706,0.000000)(-16.567673,-15.005706,0.000000)
(16.619211,14.961847,0.000000)(-16.619211,-14.961847,0.000000)
(16.669086,14.916492,0.000000)(-16.669086,-14.916492,0.000000)
(16.717297,14.869647,0.000000)(-16.717297,-14.869647,0.000000)
(16.763838,14.821317,0.000000)(-16.763838,-14.821317,0.000000)
(16.808704,14.771506,0.000000)(-16.808704,-14.771506,0.000000)
(16.851892,14.720221,0.000000)(-16.851892,-14.720221,0.000000)
(16.893398,14.667465,0.000000)(-16.893398,-14.667465,0.000000)
(16.933216,14.613244,0.000000)(-16.933216,-14.613244,0.000000)
(16.971342,14.557563,0.000000)(-16.971342,-14.557563,0.000000)
(17.007771,14.500425,0.000000)(-17.007771,-14.500425,0.000000)
(17.042496,14.441836,0.000000)(-17.042496,-14.441836,0.000000)
(17.075514,14.381801,0.000000)(-17.075514,-14.381801,0.000000)
(17.106819,14.320322,0.000000)(-17.106819,-14.320322,0.000000)
(17.136406,14.257405,0.000000)(-17.136406,-14.257405,0.000000)
(17.164268,14.193053,0.000000)(-17.164268,-14.193053,0.000000)
(17.190401,14.127271,0.000000)(-17.190401,-14.127271,0.000000)
(17.214798,14.060061,0.000000)(-17.214798,-14.060061,0.000000)
(17.237452,13.991429,0.000000)(-17.237452,-13.991429,0.000000)
(17.258356,13.921378,0.000000)(-17.258356,-13.921378,0.000000)
(17.277506,13.849911,0.000000)(-17.277506,-13.849911,0.000000)
(17.294893,13.777031,0.000000)(-17.294893,-13.777031,0.000000)
(17.310513,13.702743,0.000000)(-17.310513,-13.702743,0.000000)
(17.324356,13.627048,0.000000)(-17.324356,-13.627048,0.000000)
(17.336416,13.549953,0.000000)(-17.336416,-13.549953,0.000000)
(17.346687,13.471457,0.000000)(-17.346687,-13.471457,0.000000)
(17.355160,13.391564,0.000000)(-17.355160,-13.391564,0.000000)
(17.361826,13.310279,0.000000)(-17.361826,-13.310279,0.000000)
(17.366678,13.227603,0.000000)(-17.366678,-13.227603,0.000000)
(17.369709,13.143539,0.000000)(-17.369709,-13.143539,0.000000)
(17.370909,13.058090,0.000000)(-17.370909,-13.058090,0.000000)
(17.370270,12.971259,0.000000)(-17.370270,-12.971259,0.000000)
(17.367783,12.883048,0.000000)(-17.367783,-12.883048,0.000000)
(17.363440,12.793459,0.000000)(-17.363440,-12.793459,0.000000)
(17.357229,12.702495,0.000000)(-17.357229,-12.702495,0.000000)
(17.349144,12.610158,0.000000)(-17.349144,-12.610158,0.000000)
(17.339172,12.516450,0.000000)(-17.339172,-12.516450,0.000000)
(17.327305,12.421373,0.000000)(-17.327305,-12.421373,0.000000)
(17.313532,12.324931,0.000000)(-17.313532,-12.324931,0.000000)
(17.297842,12.227124,0.000000)(-17.297842,-12.227124,0.000000)
(17.280224,12.127954,0.000000)(-17.280224,-12.127954,0.000000)
(17.260668,12.027425,0.000000)(-17.260668,-12.027425,0.000000)
(17.239161,11.925536,0.000000)(-17.239161,-11.925536,0.000000)
(17.215693,11.822290,0.000000)(-17.215693,-11.822290,0.000000)
(17.190250,11.717690,0.000000)(-17.190250,-11.717690,0.000000)
(17.162823,11.611734,0.000000)(-17.162823,-11.611734,0.000000)
(17.133396,11.504428,0.000000)(-17.133396,-11.504428,0.000000)
(17.101959,11.395770,0.000000)(-17.101959,-11.395770,0.000000)
(17.068497,11.285764,0.000000)(-17.068497,-11.285764,0.000000)
(17.032997,11.174410,0.000000)(-17.032997,-11.174410,0.000000)
(16.995445,11.061709,0.000000)(-16.995445,-11.061709,0.000000)
(16.955826,10.947664,0.000000)(-16.955826,-10.947664,0.000000)
(16.914125,10.832275,0.000000)(-16.914125,-10.832275,0.000000)
(16.870329,10.715544,0.000000)(-16.870329,-10.715544,0.000000)
(16.824421,10.597470,0.000000)(-16.824421,-10.597470,0.000000)
(16.776384,10.478057,0.000000)(-16.776384,-10.478057,0.000000)
(16.726204,10.357305,0.000000)(-16.726204,-10.357305,0.000000)
(16.673862,10.235214,0.000000)(-16.673862,-10.235214,0.000000)
(16.619343,10.111787,0.000000)(-16.619343,-10.111787,0.000000)
(16.562628,9.987023,0.000000)(-16.562628,-9.987023,0.000000)
(16.503698,9.860925,0.000000)(-16.503698,-9.860925,0.000000)
(16.442537,9.733492,0.000000)(-16.442537,-9.733492,0.000000)
(16.379124,9.604727,0.000000)(-16.379124,-9.604727,0.000000)
(16.313438,9.474629,0.000000)(-16.313438,-9.474629,0.000000)
(16.245462,9.343201,0.000000)(-16.245462,-9.343201,0.000000)
(16.175173,9.210442,0.000000)(-16.175173,-9.210442,0.000000)
(16.102549,9.076354,0.000000)(-16.102549,-9.076354,0.000000)
(16.027569,8.940938,0.000000)(-16.027569,-8.940938,0.000000)
(15.950210,8.804194,0.000000)(-15.950210,-8.804194,0.000000)
(15.870448,8.666125,0.000000)(-15.870448,-8.666125,0.000000)
(15.788260,8.526731,0.000000)(-15.788260,-8.526731,0.000000)
(15.703619,8.386012,0.000000)(-15.703619,-8.386012,0.000000)
(15.616501,8.243970,0.000000)(-15.616501,-8.243970,0.000000)
(15.526879,8.100606,0.000000)(-15.526879,-8.100606,0.000000)
(15.434726,7.955922,0.000000)(-15.434726,-7.955922,0.000000)
(15.340014,7.809918,0.000000)(-15.340014,-7.809918,0.000000)
(15.242712,7.662597,0.000000)(-15.242712,-7.662597,0.000000)
(15.142793,7.513959,0.000000)(-15.142793,-7.513959,0.000000)
(15.040223,7.364007,0.000000)(-15.040223,-7.364007,0.000000)
(14.934973,7.212741,0.000000)(-14.934973,-7.212741,0.000000)
(14.827007,7.060164,0.000000)(-14.827007,-7.060164,0.000000)
(14.716293,6.906279,0.000000)(-14.716293,-6.906279,0.000000)
(14.602795,6.751087,0.000000)(-14.602795,-6.751087,0.000000)
(14.486475,6.594591,0.000000)(-14.486475,-6.594591,0.000000)
(14.367296,6.436793,0.000000)(-14.367296,-6.436793,0.000000)
(14.245219,6.277697,0.000000)(-14.245219,-6.277697,0.000000)
(14.120203,6.117305,0.000000)(-14.120203,-6.117305,0.000000)
(13.992206,5.955622,0.000000)(-13.992206,-5.955622,0.000000)
(13.861182,5.792651,0.000000)(-13.861182,-5.792651,0.000000)
(13.727088,5.628397,0.000000)(-13.727088,-5.628397,0.000000)
(13.589876,5.462864,0.000000)(-13.589876,-5.462864,0.000000)
(13.449496,5.296058,0.000000)(-13.449496,-5.296058,0.000000)
(13.305898,5.127984,0.000000)(-13.305898,-5.127984,0.000000)
(13.159028,4.958650,0.000000)(-13.159028,-4.958650,0.000000)
(13.008831,4.788062,0.000000)(-13.008831,-4.788062,0.000000)
(12.855248,4.616228,0.000000)(-12.855248,-4.616228,0.000000)
(12.698221,4.443156,0.000000)(-12.698221,-4.443156,0.000000)
(12.537685,4.268857,0.000000)(-12.537685,-4.268857,0.000000)
(12.373576,4.093342,0.000000)(-12.373576,-4.093342,0.000000)
(12.205825,3.916621,0.000000)(-12.205825,-3.916621,0.000000)
(12.034360,3.738709,0.000000)(-12.034360,-3.738709,0.000000)
(11.859105,3.559620,0.000000)(-11.859105,-3.559620,0.000000)
(11.679983,3.379370,0.000000)(-11.679983,-3.379370,0.000000)
(11.496911,3.197977,0.000000)(-11.496911,-3.197977,0.000000)
(11.309802,3.015461,0.000000)(-11.309802,-3.015461,0.000000)
(11.118566,2.831845,0.000000)(-11.118566,-2.831845,0.000000)
(10.923106,2.647153,0.000000)(-10.923106,-2.647153,0.000000)
(10.723323,2.461413,0.000000)(-10.723323,-2.461413,0.000000)
(10.519111,2.274657,0.000000)(-10.519111,-2.274657,0.000000)
(10.310357,2.086918,0.000000)(-10.310357,-2.086918,0.000000)
(10.096945,1.898237,0.000000)(-10.096945,-1.898237,0.000000)
(9.878750,1.708656,0.000000)(-9.878750,-1.708656,0.000000)
(9.655641,1.518226,0.000000)(-9.655641,-1.518226,0.000000)
(9.427478,1.327001,0.000000)(-9.427478,-1.327001,0.000000)
(9.194115,1.135044,0.000000)(-9.194115,-1.135044,0.000000)
(8.955395,0.942425,0.000000)(-8.955395,-0.942425,0.000000)
(8.711153,0.749225,0.000000)(-8.711153,-0.749225,0.000000)
(8.461213,0.555536,0.000000)(-8.461213,-0.555536,0.000000)
(8.205390,0.361460,0.000000)(-8.205390,-0.361460,0.000000)
(7.943485,0.167116,0.000000)(-7.943485,-0.167116,0.000000)
(7.675288,-0.027360,0.000000)(-7.675288,0.027360,0.000000)
(7.400577,-0.221813,0.000000)(-7.400577,0.221813,0.000000)
(7.119115,-0.416064,0.000000)(-7.119115,0.416064,0.000000)
(6.830655,-0.609905,0.000000)(-6.830655,0.609905,0.000000)
(6.534932,-0.803098,0.000000)(-6.534932,0.803098,0.000000)
(6.231671,-0.995365,0.000000)(-6.231671,0.995365,0.000000)
(5.920587,-1.186382,0.000000)(-5.920587,1.186382,0.000000)
(5.601384,-1.375773,0.000000)(-5.601384,1.375773,0.000000)
(5.273762,-1.563095,0.000000)(-5.273762,1.563095,0.000000)
(4.937425,-1.747835,0.000000)(-4.937425,1.747835,0.000000)
(4.592089,-1.929389,0.000000)(-4.592089,1.929389,0.000000)
(4.237498,-2.107054,0.000000)(-4.237498,2.107054,0.000000)
(3.873447,-2.280015,0.000000)(-3.873447,2.280015,0.000000)
(3.499809,-2.447334,0.000000)(-3.499809,2.447334,0.000000)
(3.116576,-2.607943,0.000000)(-3.116576,2.607943,0.000000)
(2.723908,-2.760656,0.000000)(-2.723908,2.760656,0.000000)
(2.322184,-2.904192,0.000000)(-2.322184,2.904192,0.000000)
(1.912063,-3.037225,0.000000)(-1.912063,3.037225,0.000000)
(1.494520,-3.158469,0.000000)(-1.494520,3.158469,0.000000)
(1.070857,-3.266779,0.000000)(-1.070857,3.266779,0.000000)
(0.642663,-3.361268,0.000000)(-0.642663,3.361268,0.000000)
(0.211725,-3.441406,0.000000)(-0.211725,3.441406,0.000000)
(-0.220103,-3.507070,0.000000)(0.220103,3.507070,0.000000)
(-0.651039,-3.558533,0.000000)(0.651039,3.558533,0.000000)
(-1.079489,-3.596401,0.000000)(1.079489,3.596401,0.000000)
(-1.504110,-3.621515,0.000000)(1.504110,3.621515,0.000000)
(-1.923841,-3.634853,0.000000)(1.923841,3.634853,0.000000)
(-2.337884,-3.637446,0.000000)(2.337884,3.637446,0.000000)
(-2.745676,-3.630312,0.000000)(2.745676,3.630312,0.000000)
(-3.146841,-3.614416,0.000000)(3.146841,3.614416,0.000000)
(-3.541155,-3.590652,0.000000)(3.541155,3.590652,0.000000)
(-3.928507,-3.559828,0.000000)(3.928507,3.559828,0.000000)
(-4.308870,-3.522671,0.000000)(4.308870,3.522671,0.000000)
(-4.682279,-3.479828,0.000000)(4.682279,3.479828,0.000000)
(-5.048808,-3.431873,0.000000)(5.048808,3.431873,0.000000)
(-5.408563,-3.379313,0.000000)(5.408563,3.379313,0.000000)
(-5.761670,-3.322599,0.000000)(5.761670,3.322599,0.000000)
(-6.108264,-3.262130,0.000000)(6.108264,3.262130,0.000000)
(-6.448489,-3.198259,0.000000)(6.448489,3.198259,0.000000)
(-6.782491,-3.131301,0.000000)(6.782491,3.131301,0.000000)
(-7.110416,-3.061539,0.000000)(7.110416,3.061539,0.000000)
(-7.432410,-2.989222,0.000000)(7.432410,2.989222,0.000000)
