15.000000;15.000000;0.000000;-1.000000;0.000000;0.000000-15.000000;-15.000000;0.000000;1.000000;0.000000;0.000000
14.495833;14.995833;0.000000;-1.008333;-0.008333;0.000000-14.495833;-14.995833;0.000000;1.008333;0.008333;0.000000
13.987501;14.987358;0.000000;-1.016664;-0.016952;0.000000-13.987501;-14.987358;0.000000;1.016664;0.016952;0.000000
13.475009;14.974424;0.000000;-1.024985;-0.025867;0.000000-13.475009;-14.974424;0.000000;1.024985;0.025867;0.000000
12.958366;14.956879;0.000000;-1.033286;-0.035092;0.000000-12.958366;-14.956879;0.000000;1.033286;0.035092;0.000000
12.437588;14.934559;0.000000;-1.041558;-0.044640;0.000000-12.437588;-14.934559;0.000000;1.041558;0.044640;0.000000
11.912693;14.907297;0.000000;-1.049790;-0.054524;0.000000-11.912693;-14.907297;0.000000;1.049790;0.054524;0.000000
11.383709;14.874918;0.000000;-1.057969;-0.064759;0.000000-11.383709;-14.874918;0.000000;1.057969;0.064759;0.000000
10.850669;14.837239;0.000000;-1.066080;-0.075358;0.000000-10.850669;-14.837239;0.000000;1.066080;0.075358;0.000000
10.313615;14.794071;0.000000;-1.074109;-0.086336;0.000000-10.313615;-14.794071;0.000000;1.074109;0.086336;0.000000
9.772596;14.745217;0.000000;-1.082036;-0.097708;0.000000-9.772596;-14.745217;0.000000;1.082036;0.097708;0.000000
9.227674;14.690474;0.000000;-1.089844;-0.109488;0.000000-9.227674;-14.690474;0.000000;1.089844;0.109488;0.000000
8.678920;14.629628;0.000000;-1.097509;-0.121691;0.000000-8.678920;-14.629628;0.000000;1.097509;0.121691;0.000000
8.126416;14.562463;0.000000;-1.105008;-0.134331;0.000000-8.126416;-14.562463;0.000000;1.105008;0.134331;0.000000
7.570260;14.488751;0.000000;-1.112313;-0.147422;0.000000-7.570260;-14.488751;0.000000;1.112313;0.147422;0.000000
7.010562;14.408263;0.000000;-1.119395;-0.160976;0.000000-7.010562;-14.408263;0.000000;1.119395;0.160976;0.000000
6.447452;14.320760;0.000000;-1.126221;-0.175006;0.000000-6.447452;-14.320760;0.000000;1.126221;0.175006;0.000000
5.881073;14.225999;0.000000;-1.132756;-0.189521;0.000000-5.881073;-14.225999;0.000000;1.132756;0.189521;0.000000
5.311593;14.123734;0.000000;-1.138961;-0.204530;0.000000-5.311593;-14.123734;0.000000;1.138961;0.204530;0.000000
4.739197;14.013716;0.000000;-1.144793;-0.220037;0.000000-4.739197;-14.013716;0.000000;1.144793;0.220037;0.000000
4.164093;13.895693;0.000000;-1.150207;-0.236046;0.000000-4.164093;-13.895693;0.000000;1.150207;0.236046;0.000000
3.586517;13.769416;0.000000;-1.155154;-0.252554;0.000000-3.586517;-13.769416;0.000000;1.155154;0.252554;0.000000
3.006725;13.634637;0.000000;-1.159582;-0.269557;0.000000-3.006725;-13.634637;0.000000;1.159582;0.269557;0.000000
2.425006;13.491116;0.000000;-1.163438;-0.287042;0.000000-2.425006;-13.491116;0.000000;1.163438;0.287042;0.000000
1.841674;13.338619;0.000000;-1.166665;-0.304993;0.000000-1.841674;-13.338619;0.000000;1.166665;0.304993;0.000000
1.257071;13.176927;0.000000;-1.169204;-0.323385;0.000000-1.257071;-13.176927;0.000000;1.169204;0.323385;0.000000
0.671573;13.005834;0.000000;-1.170998;-0.342187;0.000000-0.671573;-13.005834;0.000000;1.170998;0.342187;0.000000
0.085579;12.825155;0.000000;-1.171988;-0.361358;0.000000-0.085579;-12.825155;0.000000;1.171988;0.361358;0.000000
-0.500480;12.634730;0.000000;-1.172118;-0.380850;0.0000000.500480;-12.634730;0.000000;1.172118;0.380850;0.000000
-1.086148;12.434427;0.000000;-1.171335;-0.400605;0.0000001.086148;-12.434427;0.000000;1.171335;0.400605;0.000000
-1.670944;12.224148;0.000000;-1.169592;-0.420559;0.0000001.670944;-12.224148;0.000000;1.169592;0.420559;0.000000
-2.254368;12.003830;0.000000;-1.166848;-0.440635;0.0000002.254368;-12.003830;0.000000;1.166848;0.440635;0.000000
-2.835903;11.773454;0.000000;-1.163070;-0.460752;0.0000002.835903;-11.773454;0.000000;1.163070;0.460752;0.000000
-3.415021;11.533043;0.000000;-1.158236;-0.480822;0.0000003.415021;-11.533043;0.000000;1.158236;0.480822;0.000000
-3.991188;11.282667;0.000000;-1.152334;-0.500751;0.0000003.991188;-11.282667;0.000000;1.152334;0.500751;0.000000
-4.563872;11.022445;0.000000;-1.145368;-0.520445;0.0000004.563872;-11.022445;0.000000;1.145368;0.520445;0.000000
-5.132547;10.752542;0.000000;-1.137351;-0.539806;0.0000005.132547;-10.752542;0.000000;1.137351;0.539806;0.000000
-5.696704;10.473170;0.000000;-1.128313;-0.558742;0.0000005.696704;-10.473170;0.000000;1.128313;0.558742;0.000000
-6.255850;10.184589;0.000000;-1.118293;-0.577163;0.0000006.255850;-10.184589;0.000000;1.118293;0.577163;0.000000
-6.809523;9.887096;0.000000;-1.107346;-0.594985;0.0000006.809523;-9.887096;0.000000;1.107346;0.594985;0.000000
-7.357290;9.581029;0.000000;-1.095534;-0.612136;0.0000007.357290;-9.581029;0.000000;1.095534;0.612136;0.000000
-7.898755;9.266754;0.000000;-1.082929;-0.628550;0.0000007.898755;-9.266754;0.000000;1.082929;0.628550;0.000000
-8.433560;8.944667;0.000000;-1.069611;-0.644175;0.0000008.433560;-8.944667;0.000000;1.069611;0.644175;0.000000
-8.961390;8.615181;0.000000;-1.055660;-0.658971;0.0000008.961390;-8.615181;0.000000;1.055660;0.658971;0.000000
-9.481972;8.278727;0.000000;-1.041162;-0.672909;0.0000009.481972;-8.278727;0.000000;1.041162;0.672909;0.000000
-9.995072;7.935740;0.000000;-1.026201;-0.685972;0.0000009.995072;-7.935740;0.000000;1.026201;0.685972;0.000000
-10.500502;7.586664;0.000000;-1.010859;-0.698152;0.00000010.500502;-7.586664;0.000000;1.010859;0.698152;0.000000
-10.998110;7.231937;0.000000;-0.995217;-0.709454;0.00000010.998110;-7.231937;0.000000;0.995217;0.709454;0.000000
-11.487783;6.871992;0.000000;-0.979347;-0.719889;0.00000011.487783;-6.871992;0.000000;0.979347;0.719889;0.000000
-11.969443;6.507254;0.000000;-0.963320;-0.729477;0.00000011.969443;-6.507254;0.000000;0.963320;0.729477;0.000000
-12.443043;6.138133;0.000000;-0.947199;-0.738241;0.00000012.443043;-6.138133;0.000000;0.947199;0.738241;0.000000
-12.908563;5.765027;0.000000;-0.931039;-0.746213;0.00000012.908563;-5.765027;0.000000;0.931039;0.746213;0.000000
-13.366009;5.388315;0.000000;-0.914893;-0.753424;0.00000013.366009;-5.388315;0.000000;0.914893;0.753424;0.000000
-13.815411;5.008360;0.000000;-0.898804;-0.759910;0.00000013.815411;-5.008360;0.000000;0.898804;0.759910;0.000000
-14.256816;4.625506;0.000000;-0.882810;-0.765708;0.00000014.256816;-4.625506;0.000000;0.882810;0.765708;0.000000
-14.690288;4.240078;0.000000;-0.866944;-0.770856;0.00000014.690288;-4.240078;0.000000;0.866944;0.770856;0.000000
-15.115905;3.852383;0.000000;-0.851235;-0.775390;0.00000015.115905;-3.852383;0.000000;0.851235;0.775390;0.000000
-15.533757;3.462709;0.000000;-0.835705;-0.779348;0.00000015.533757;-3.462709;0.000000;0.835705;0.779348;0.000000
-15.943944;3.071326;0.000000;-0.820373;-0.782765;0.00000015.943944;-3.071326;0.000000;0.820373;0.782765;0.000000
-16.346571;2.678488;0.000000;-0.805254;-0.785678;0.00000016.346571;-2.678488;0.000000;0.805254;0.785678;0.000000
-16.741751;2.284428;0.000000;-0.790360;-0.788118;0.00000016.741751;-2.284428;0.000000;0.790360;0.788118;0.000000
-17.129601;1.889369;0.000000;-0.775700;-0.790119;0.00000017.129601;-1.889369;0.000000;0.775700;0.790119;0.000000
-17.510241;1.493515;0.000000;-0.761281;-0.791709;0.00000017.510241;-1.493515;0.000000;0.761281;0.791709;0.000000
-17.883795;1.097056;0.000000;-0.747107;-0.792918;0.00000017.883795;-1.097056;0.000000;0.747107;0.792918;0.000000
-18.250385;0.700169;0.000000;-0.733180;-0.793772;0.00000018.250385;-0.700169;0.000000;0.733180;0.793772;0.000000
-18.610136;0.303021;0.000000;-0.719502;-0.794297;0.00000018.610136;-0.303021;0.000000;0.719502;0.794297;0.000000
-18.963171;-0.094237;0.000000;-0.706072;-0.794516;0.00000018.963171;0.094237;0.000000;0.706072;0.794516;0.000000
-19.309616;-0.491462;0.000000;-0.692889;-0.794450;0.00000019.309616;0.491462;0.000000;0.692889;0.794450;0.000000
-19.649591;-0.888523;0.000000;-0.679950;-0.794121;0.00000019.649591;0.888523;0.000000;0.679950;0.794121;0.000000
-19.983217;-1.285296;0.000000;-0.667253;-0.793547;0.00000019.983217;1.285296;0.000000;0.667253;0.793547;0.000000
-20.310614;-1.681669;0.000000;-0.654794;-0.792746;0.00000020.310614;1.681669;0.000000;0.654794;0.792746;0.000000
-20.631899;-2.077536;0.000000;-0.642569;-0.791733;0.00000020.631899;2.077536;0.000000;0.642569;0.791733;0.000000
-20.947186;-2.472798;0.000000;-0.630574;-0.790525;0.00000020.947186;2.472798;0.000000;0.630574;0.790525;0.000000
-21.256586;-2.867366;0.000000;-0.618803;-0.789136;0.00000021.256586;2.867366;0.000000;0.618803;0.789136;0.000000
-21.560211;-3.261155;0.000000;-0.607252;-0.787578;0.00000021.560211;3.261155;0.000000;0.607252;0.787578;0.000000
-21.858170;-3.654087;0.000000;-0.595916;-0.785863;0.00000021.858170;3.654087;0.000000;0.595916;0.785863;0.000000
-22.150564;-4.046088;0.000000;-0.584790;-0.784003;0.00000022.150564;4.046088;0.000000;0.584790;0.784003;0.000000
-22.437498;-4.437092;0.000000;-0.573868;-0.782008;0.00000022.437498;4.437092;0.000000;0.573868;0.782008;0.000000
-22.719070;-4.827036;0.000000;-0.563145;-0.779888;0.00000022.719070;4.827036;0.000000;0.563145;0.779888;0.000000
-22.995378;-5.215861;0.000000;-0.552616;-0.777651;0.00000022.995378;5.215861;0.000000;0.552616;0.777651;0.000000
-23.266516;-5.603514;0.000000;-0.542276;-0.775305;0.00000023.266516;5.603514;0.000000;0.542276;0.775305;0.000000
-23.532576;-5.989944;0.000000;-0.532120;-0.772859;0.00000023.532576;5.989944;0.000000;0.532120;0.772859;0.000000
-23.793648;-6.375104;0.000000;-0.522143;-0.770320;0.00000023.793648;6.375104;0.000000;0.522143;0.770320;0.000000
-24.049818;-6.758951;0.000000;-0.512340;-0.767693;0.00000024.049818;6.758951;0.000000;0.512340;0.767693;0.000000
-24.301170;-7.141444;0.000000;-0.502706;-0.764986;0.00000024.301170;7.141444;0.000000;0.502706;0.764986;0.000000
-24.547789;-7.522545;0.000000;-0.493236;-0.762203;0.00000024.547789;7.522545;0.000000;0.493236;0.762203;0.000000
-24.789751;-7.902220;0.000000;-0.483926;-0.759350;0.00000024.789751;7.902220;0.000000;0.483926;0.759350;0.000000
-25.027138;-8.280437;0.000000;-0.474772;-0.756432;0.00000025.027138;8.280437;0.000000;0.474772;0.756432;0.000000
-25.260021;-8.657163;0.000000;-0.465768;-0.753453;0.00000025.260021;8.657163;0.000000;0.465768;0.753453;0.000000
-25.488478;-9.032372;0.000000;-0.456911;-0.750417;0.00000025.488478;9.032372;0.000000;0.456911;0.750417;0.000000
-25.712576;-9.406036;0.000000;-0.448197;-0.747329;0.00000025.712576;9.406036;0.000000;0.448197;0.747329;0.000000
-25.932386;-9.778132;0.000000;-0.439622;-0.744192;0.00000025.932386;9.778132;0.000000;0.439622;0.744192;0.000000
-26.147978;-10.148638;0.000000;-0.431181;-0.741010;0.00000026.147978;10.148638;0.000000;0.431181;0.741010;0.000000
-26.359413;-10.517530;0.000000;-0.422872;-0.737785;0.00000026.359413;10.517530;0.000000;0.422872;0.737785;0.000000
-26.566759;-10.884790;0.000000;-0.414690;-0.734520;0.00000026.566759;10.884790;0.000000;0.414690;0.734520;0.000000
-26.770075;-11.250400;0.000000;-0.406633;-0.731219;0.00000026.770075;11.250400;0.000000;0.406633;0.731219;0.000000
-26.969423;-11.614341;0.000000;-0.398696;-0.727883;0.00000026.969423;11.614341;0.000000;0.398696;0.727883;0.000000
-27.164862;-11.976599;0.000000;-0.390876;-0.724516;0.00000027.164862;11.976599;0.000000;0.390876;0.724516;0.000000
-27.356447;-12.337158;0.000000;-0.383171;-0.721119;0.00000027.356447;12.337158;0.000000;0.383171;0.721119;0.000000
-27.544235;-12.696005;0.000000;-0.375577;-0.717694;0.00000027.544235;12.696005;0.000000;0.375577;0.717694;0.000000
